index-map to table {0: [(0, 3), (4, 7), (9, 9), (10, 10), (11, 16)], 1: [(0, 3), (8, 8), (17, 17), (18, 23)], 2: [(4, 7), (8, 8), (24, 27), (28, 28)], '0': [(9, 9), (10, 10), (11, 16), (17, 17), (18, 23), (24, 27), (28, 28)]}
all line Ssequences 5
	[(2.0, 5.0), (3.0, 4.0), (4.0, 4.0), (5.0, 3.0)]
	[(5.0, 3.0), (7.0, 3.0), (11.0, 4.0), (11.0, 2.0)]
	[(2.0, 5.0)]
	[(5.0, 3.0)]
	[(11.0, 2.0), (13.0, 2.0), (13.0, 7.0), (10.0, 10.0), (6.0, 10.0), (2.0, 5.0)]
side: [(2.0, 5.0), (3.0, 4.0), (4.0, 4.0), (5.0, 3.0)]
	['LINESTRING', 'LINESTRING', 'LINESTRING']

side: [(5.0, 3.0), (7.0, 3.0), (11.0, 4.0), (11.0, 2.0)]
	['LINESTRING', 'LINESTRING', 'LINESTRING']

side: [(2.0, 5.0)]
	[]

side: [(5.0, 3.0)]
	[]

side: [(11.0, 2.0), (13.0, 2.0), (13.0, 7.0), (10.0, 10.0), (6.0, 10.0), (2.0, 5.0)]
	['LINESTRING', 'LINESTRING', 'LINESTRING', 'LINESTRING', 'LINESTRING']









xords-ranges:
    xords-range-[5.0, 7.0, 0] :-->intermediate-yords [3.0, 3.0, 3.0, 1.0] -->[[4 points],[4 pts],[4 pt]]
    xords-range-[7.0, 10.0, 0] :-->intermediate-yords [3.0, 3.75, 1.0, 1.0]-->[[4 points],[4 pts],[4 pt]]
    xords-range-[10.0, 11.0, 0] :--> intermediate-yords [3.75, 4.0, 1.0, 2.0]-->[[4 points],[4 pts],[4 pt]]
    xords-range-[11.0, 5.0, 0] :--> intermediate-yords ['None']-->['None']



xords-range --verticalcolum --> [(y1,y2),(y2,y3)] (intermediate y-ords)

xords-range: [1.0, 2.0, 0]
	 yords-range: [(0.0, 1.0), (1.0, 3.0), (3.0, 5.0), (5.0, 0.0)]
	(0.0, 1.0)
	(1.0, 3.0)
	(3.0, 5.0)
	(5.0, 0.0)
	rectangles_in_columns
		[[(1.0, 0.0), (2.0, 0.0), (2.0, 1.0), (1.0, 1.0)], [(1.0, 1.0), (2.0, 1.0), (2.0, 3.0), (1.0, 3.0)], [(1.0, 3.0), (2.0, 3.0), (2.0, 5.0), (1.0, 5.0)], [(1.0, 5.0), (2.0, 5.0), (2.0, 0.0), (1.0, 0.0)]]

xords-range: [2.0, 3.0, 0]
	 yords-range: [(0.0, 0.5), (0.5, 4.0), (4.0, 5.0), (5.0, 5.0), (5.0, 6.25), (6.25, 0.0)]
	(0.0, 0.5)
	(0.5, 4.0)
	(4.0, 5.0)
	(5.0, 5.0)
	(5.0, 6.25)
	(6.25, 0.0)
	rectangles_in_columns
		[[(2.0, 0.0), (3.0, 0.0), (3.0, 0.5), (2.0, 0.5)], [(2.0, 0.5), (3.0, 0.5), (3.0, 4.0), (2.0, 4.0)], [(2.0, 4.0), (3.0, 4.0), (3.0, 5.0), (2.0, 5.0)], [(2.0, 5.0), (3.0, 5.0), (3.0, 5.0), (2.0, 5.0)], [(2.0, 5.0), (3.0, 5.0), (3.0, 6.25), (2.0, 6.25)], [(2.0, 6.25), (3.0, 6.25), (3.0, 0.0), (2.0, 0.0)]]

xords-range: [3.0, 4.0, 0]
	 yords-range: [(0.5, 1.0), (1.0, 4.0), (4.0, 4.0), (4.0, 6.25), (6.25, 7.5), (7.5, 0.5)]
	(0.5, 1.0)
	(1.0, 4.0)
	(4.0, 4.0)
	(4.0, 6.25)
	(6.25, 7.5)
	(7.5, 0.5)
	rectangles_in_columns
		[[(3.0, 0.5), (4.0, 0.5), (4.0, 1.0), (3.0, 1.0)], [(3.0, 1.0), (4.0, 1.0), (4.0, 4.0), (3.0, 4.0)], [(3.0, 4.0), (4.0, 4.0), (4.0, 4.0), (3.0, 4.0)], [(3.0, 4.0), (4.0, 4.0), (4.0, 6.25), (3.0, 6.25)], [(3.0, 6.25), (4.0, 6.25), (4.0, 7.5), (3.0, 7.5)], [(3.0, 7.5), (4.0, 7.5), (4.0, 0.5), (3.0, 0.5)]]

xords-range: [4.0, 5.0, 0]
	 yords-range: [(1.0, 3.0), (3.0, 3.0), (3.0, 4.0), (4.0, 7.5), (7.5, 8.75), (8.75, 1.0)]
	(1.0, 3.0)
	(3.0, 3.0)
	(3.0, 4.0)
	(4.0, 7.5)
	(7.5, 8.75)
	(8.75, 1.0)
	rectangles_in_columns
		[[(4.0, 1.0), (5.0, 1.0), (5.0, 3.0), (4.0, 3.0)], [(4.0, 3.0), (5.0, 3.0), (5.0, 3.0), (4.0, 3.0)], [(4.0, 3.0), (5.0, 3.0), (5.0, 4.0), (4.0, 4.0)], [(4.0, 4.0), (5.0, 4.0), (5.0, 7.5), (4.0, 7.5)], [(4.0, 7.5), (5.0, 7.5), (5.0, 8.75), (4.0, 8.75)], [(4.0, 8.75), (5.0, 8.75), (5.0, 1.0), (4.0, 1.0)]]

xords-range: [5.0, 6.0, 0]
	 yords-range: [(2.0, 3.0), (3.0, 3.0), (3.0, 3.0), (3.0, 8.75), (8.75, 10.0), (10.0, 2.0)]
	(2.0, 3.0)
	(3.0, 3.0)
	(3.0, 3.0)
	(3.0, 8.75)
	(8.75, 10.0)
	(10.0, 2.0)
	rectangles_in_columns
		[[(5.0, 2.0), (6.0, 2.0), (6.0, 3.0), (5.0, 3.0)], [(5.0, 3.0), (6.0, 3.0), (6.0, 3.0), (5.0, 3.0)], [(5.0, 3.0), (6.0, 3.0), (6.0, 3.0), (5.0, 3.0)], [(5.0, 3.0), (6.0, 3.0), (6.0, 8.75), (5.0, 8.75)], [(5.0, 8.75), (6.0, 8.75), (6.0, 10.0), (5.0, 10.0)], [(5.0, 10.0), (6.0, 10.0), (6.0, 2.0), (5.0, 2.0)]]

xords-range: [6.0, 7.0, 0]
	 yords-range: [(1.0, 2.0), (2.0, 3.0), (3.0, 3.0), (3.0, 10.0), (10.0, 10.0), (10.0, 1.0)]
	(1.0, 2.0)
	(2.0, 3.0)
	(3.0, 3.0)
	(3.0, 10.0)
	(10.0, 10.0)
	(10.0, 1.0)
	rectangles_in_columns
		[[(6.0, 1.0), (7.0, 1.0), (7.0, 2.0), (6.0, 2.0)], [(6.0, 2.0), (7.0, 2.0), (7.0, 3.0), (6.0, 3.0)], [(6.0, 3.0), (7.0, 3.0), (7.0, 3.0), (6.0, 3.0)], [(6.0, 3.0), (7.0, 3.0), (7.0, 10.0), (6.0, 10.0)], [(6.0, 10.0), (7.0, 10.0), (7.0, 10.0), (6.0, 10.0)], [(6.0, 10.0), (7.0, 10.0), (7.0, 1.0), (6.0, 1.0)]]

xords-range: [7.0, 10.0, 0]
	 yords-range: [(1.0, 1.0), (1.0, 3.0), (3.0, 3.75), (3.75, 10.0), (10.0, 10.0), (10.0, 1.0)]
	(1.0, 1.0)
	(1.0, 3.0)
	(3.0, 3.75)
	(3.75, 10.0)
	(10.0, 10.0)
	(10.0, 1.0)
	rectangles_in_columns
		[[(7.0, 1.0), (10.0, 1.0), (10.0, 1.0), (7.0, 1.0)], [(7.0, 1.0), (10.0, 1.0), (10.0, 3.0), (7.0, 3.0)], [(7.0, 3.0), (10.0, 3.0), (10.0, 3.75), (7.0, 3.75)], [(7.0, 3.75), (10.0, 3.75), (10.0, 10.0), (7.0, 10.0)], [(7.0, 10.0), (10.0, 10.0), (10.0, 10.0), (7.0, 10.0)], [(7.0, 10.0), (10.0, 10.0), (10.0, 1.0), (7.0, 1.0)]]

xords-range: [10.0, 11.0, 0]
	 yords-range: [(1.0, 2.0), (2.0, 3.75), (3.75, 4.0), (4.0, 9.0), (9.0, 10.0), (10.0, 1.0)]
	(1.0, 2.0)
	(2.0, 3.75)
	(3.75, 4.0)
	(4.0, 9.0)
	(9.0, 10.0)
	(10.0, 1.0)
	rectangles_in_columns
		[[(10.0, 1.0), (11.0, 1.0), (11.0, 2.0), (10.0, 2.0)], [(10.0, 2.0), (11.0, 2.0), (11.0, 3.75), (10.0, 3.75)], [(10.0, 3.75), (11.0, 3.75), (11.0, 4.0), (10.0, 4.0)], [(10.0, 4.0), (11.0, 4.0), (11.0, 9.0), (10.0, 9.0)], [(10.0, 9.0), (11.0, 9.0), (11.0, 10.0), (10.0, 10.0)], [(10.0, 10.0), (11.0, 10.0), (11.0, 1.0), (10.0, 1.0)]]

xords-range: [11.0, 13.0, 0]
	 yords-range: [(2.0, 2.0), (2.0, 7.0), (7.0, 9.0), (9.0, 2.0)]
	(2.0, 2.0)
	(2.0, 7.0)
	(7.0, 9.0)
	(9.0, 2.0)
	rectangles_in_columns
		[[(11.0, 2.0), (13.0, 2.0), (13.0, 2.0), (11.0, 2.0)], [(11.0, 2.0), (13.0, 2.0), (13.0, 7.0), (11.0, 7.0)], [(11.0, 7.0), (13.0, 7.0), (13.0, 9.0), (11.0, 9.0)], [(11.0, 9.0), (13.0, 9.0), (13.0, 2.0), (11.0, 2.0)]]

xords-range: [13.0, 1.0, 0]
	yords-range: ['Null']
		['Null']
        
=================================================================================================

xordsrange = [[1.0, 2.0, 0], [2.0, 3.0, 0], [3.0, 4.0, 0], [4.0, 5.0, 0], [5.0, 6.0, 0], [6.0, 7.0, 0], [7.0, 10.0, 0], [10.0, 11.0, 0], [11.0, 13.0, 0], [13.0, 1.0, 0]]

yordsorderdroundedYords = 
[[(0.0, 1.0), (1.0, 3.0), (3.0, 5.0), (5.0, 0.0)], [(0.0, 0.5), (0.5, 4.0), (4.0, 5.0), (5.0, 5.0), (5.0, 6.25), (6.25, 0.0)], [(0.5, 1.0), (1.0, 4.0), (4.0, 4.0), (4.0, 6.25), (6.25, 7.5), (7.5, 0.5)], [(1.0, 3.0), (3.0, 3.0), (3.0, 4.0), (4.0, 7.5), (7.5, 8.75), (8.75, 1.0)], [(2.0, 3.0), (3.0, 3.0), (3.0, 3.0), (3.0, 8.75), (8.75, 10.0), (10.0, 2.0)], [(1.0, 2.0), (2.0, 3.0), (3.0, 3.0), (3.0, 10.0), (10.0, 10.0), (10.0, 1.0)], [(1.0, 1.0), (1.0, 3.0), (3.0, 3.75), (3.75, 10.0), (10.0, 10.0), (10.0, 1.0)], [(1.0, 2.0), (2.0, 3.75), (3.75, 4.0), (4.0, 9.0), (9.0, 10.0), (10.0, 1.0)], [(2.0, 2.0), (2.0, 7.0), (7.0, 9.0), (9.0, 2.0)], ['Null']]

=================================================================================================