1 – -9482738.35544 3853996
1 – -9751468.09871 3610416
1 – -9751468.05900 3610416
1 – -9751398.03904 3602838
1 – -9751241.18987 3603139
1 – -9751222.48820 3609144
1 – -9750952.53843 3587117
1 – -9750937.73294 3607847
1 – -9750937.73294 3607847
1 – -9750933.57824 3607734
1 – -9750931.83301 3607687
1 – -9750852.12825 3608543
1 – -9750813.27775 3607252
1 – -9750702.96014 3604478
1 – -9750576.27856 3606793
1 – -9750237.08807 3586865
1 – -9749606.72133 3516644
1 – -9749569.05980 3586526
1 – -9749512.62082 3516672
1 – -9749081.32987 4139846
1 – -9749010.23596 3585979
1 – -9748701.43569 3516881
1 – -9748475.23449 3584995
1 – -9748390.40903 3610469
1 – -9751495.22095 3610192
1 – -9748040.75451 3584809
1 – -9751495.22095 3610192
1 – -9751641.49476 3587586
1 – -9754094.19710 3597013
1 – -9754059.02014 3597507
1 – -9754043.32410 3595945
1 – -9753916.41988 3596528
1 – -9753893.37674 3597690
1 – -9753733.80713 4139873
1 – -9753511.10561 3590131
1 – -9753369.95250 3598016
1 – -9753359.93374 3589401
1 – -9753359.93374 3589401
1 – -9753251.73120 3598374
1 – -9753169.13214 3598931
1 – -9752906.19550 3599706
1 – -9752809.90414 3589135
1 – -9752722.85230 3599975
1 – -9752507.11512 3600656
1 – -9752456.91003 3600990
1 – -9752275.16751 4139865
1 – -9752230.37487 3588964
1 – -9751984.80407 3588618
1 – -9751886.17500 3602254
1 – -9751768.84426 3588169
1 – -9751664.31526 3602616
1 – -9751622.92400 3516043
1 – -9747696.10937 3516991
1 – -9747603.15760 3584442
1 – -9747142.18358 3583928
1 – -9741117.01615 3523104
1 – -9741117.01615 3523104
1 – -9741105.67914 3522551
1 – -9741098.87107 3522219
1 – -9741065.47522 3518961
1 – -9741029.07375 3575427
1 – -9740978.75734 3523700
1 – -9740976.41963 3521758
1 – -9740764.91260 3521552
1 – -9740741.75814 3524132
1 – -9740713.37167 3574819
1 – -9740711.65178 3521535
1 – -9740453.21802 3519064
1 – -9740453.21802 3524331
1 – -9740286.49277 3574668
1 – -9740274.62597 3610476
1 – -9740178.81548 3574630
1 – -9740096.10510 3574659
1 – -9739992.74305 4139794
1 – -9739885.37730 3521257
1 – -9739670.83865 4139792
1 – -9739667.07401 4139792
1 – -9739569.59958 3524575
1 – -9741761.11072 3576358
1 – -9742115.30916 3610442
1 – -9742497.30826 3518252
1 – -9742499.75790 3518427
1 – -9747077.17300 3583694
1 – -9746986.00234 3516935
1 – -9746559.98265 3583266
1 – -9746350.25673 3583242
1 – -9746325.90202 3517115
1 – -9746249.73523 3583154
1 – -9745892.14200 3517234
1 – -9745859.22645 3610477
1 – -9745593.95211 3581318
1 – -9745593.95211 3581318
1 – -9745505.34179 3581587
1 – -9754094.19710 3597013
1 – -9745344.93041 3517384
1 – -9744583.72773 3580095
1 – -9744521.72277 3579947
1 – -9744397.93550 3579094
1 – -9744392.25820 3578451
1 – -9744085.23905 3577641
