30 0845522261 2123743893 0845537989 2122733879 1 30 999 
30 0845506910 2124620207 0845522261 2123743893 1 30 999 
30 0845506910 2124620207 0845518281 2126521702 0 30 999 
30 0845518281 2126521702 0845518743 2126599070 0 30 999 
30 0845518743 2126599070 0845524554 2126615976 0 30 999 
30 0845523507 2127912097 0845524554 2126615976 1 30 999 
30 0845522546 2129103969 0845523507 2127912097 1 30 999 
30 0845521971 2129816416 0845522546 2129103969 1 30 999 
30 0845521971 2129816416 0845522049 2130095245 0 30 999 
30 0845521838 2130496785 0845522049 2130095245 1 30 999 
